3
-128.026 -88.084 -432.000 0.25 0 0
-87.801 -188.745 -432.000 0 0.25 0
-448.000 -215.950 -432.000 0 0 0.25
3
-87.801 -188.745 -432.000 0.25 0 0
-448.000 -332.684 -432.000 0 0.25 0
-448.000 -215.950 -432.000 0 0 0.25
3
-448.000 -332.684 -432.000 0.25 0 0
-448.000 -332.684 -448.000 0 0.25 0
-448.000 -215.950 -448.000 0 0 0.25
3
-448.000 -215.950 -432.000 0.25 0 0
-448.000 -332.684 -432.000 0 0.25 0
-448.000 -215.950 -448.000 0 0 0.25
3
-448.000 -215.950 -448.000 0.25 0 0
-448.000 -332.684 -448.000 0 0.25 0
-87.801 -188.745 -448.000 0 0 0.25
3
-128.026 -88.084 -448.000 0.25 0 0
-448.000 -215.950 -448.000 0 0.25 0
-87.801 -188.745 -448.000 0 0 0.25
3
-87.801 -188.745 -448.000 0.25 0 0
-448.000 -332.684 -432.000 0 0.25 0
-87.801 -188.745 -432.000 0 0 0.25
3
-448.000 -332.684 -448.000 0.25 0 0
-448.000 -332.684 -432.000 0 0.25 0
-87.801 -188.745 -448.000 0 0 0.25
3
-128.026 -88.084 -448.000 0.25 0 0
-128.026 -88.084 -432.000 0 0.25 0
-448.000 -215.950 -448.000 0 0 0.25
3
-128.026 -88.084 -432.000 0.25 0 0
-448.000 -215.950 -432.000 0 0.25 0
-448.000 -215.950 -448.000 0 0 0.25
3
-128.026 -88.084 -448.000 0.25 0 0
-87.801 -188.745 -448.000 0 0.25 0
-128.026 -88.084 -432.000 0 0 0.25
3
-87.801 -188.745 -448.000 0.25 0 0
-87.801 -188.745 -432.000 0 0.25 0
-128.026 -88.084 -432.000 0 0 0.25
3
448.000 25.368 -432.000 0.25 0 0
448.000 25.368 -448.000 0 0.25 0
448.000 -448.000 -432.000 0 0 0.25
3
448.000 25.368 -448.000 0.25 0 0
448.000 -448.000 -448.000 0 0.25 0
448.000 -448.000 -432.000 0 0 0.25
3
-448.000 -332.684 -432.000 0.25 0 0
448.000 -448.000 -432.000 0 0.25 0
-448.000 -448.000 -432.000 0 0 0.25
3
-448.000 -332.684 -432.000 0.25 0 0
448.000 25.368 -432.000 0 0.25 0
448.000 -448.000 -432.000 0 0 0.25
3
-448.000 -332.684 -432.000 0.25 0 0
-448.000 -448.000 -448.000 0 0.25 0
-448.000 -332.684 -448.000 0 0 0.25
3
-448.000 -448.000 -432.000 0.25 0 0
-448.000 -448.000 -448.000 0 0.25 0
-448.000 -332.684 -432.000 0 0 0.25
3
448.000 -448.000 -448.000 0.25 0 0
-448.000 -448.000 -432.000 0 0.25 0
448.000 -448.000 -432.000 0 0 0.25
3
-448.000 -448.000 -448.000 0.25 0 0
-448.000 -448.000 -432.000 0 0.25 0
448.000 -448.000 -448.000 0 0 0.25
3
-448.000 -332.684 -448.000 0.25 0 0
448.000 -448.000 -448.000 0 0.25 0
448.000 25.368 -448.000 0 0 0.25
3
-448.000 -448.000 -448.000 0.25 0 0
448.000 -448.000 -448.000 0 0.25 0
-448.000 -332.684 -448.000 0 0 0.25
3
448.000 25.368 -448.000 0.25 0 0
448.000 25.368 -432.000 0 0.25 0
-448.000 -332.684 -448.000 0 0 0.25
3
448.000 25.368 -432.000 0.25 0 0
-448.000 -332.684 -432.000 0 0.25 0
-448.000 -332.684 -448.000 0 0 0.25
3
448.000 142.103 -448.000 0.25 0 0
448.000 142.103 -432.000 0 0.25 0
448.000 448.000 -448.000 0 0 0.25
3
448.000 142.103 -432.000 0.25 0 0
448.000 448.000 -432.000 0 0.25 0
448.000 448.000 -448.000 0 0 0.25
3
-448.000 448.000 -432.000 0.25 0 0
-448.000 448.000 -448.000 0 0.25 0
448.000 448.000 -432.000 0 0 0.25
3
-448.000 448.000 -448.000 0.25 0 0
448.000 448.000 -448.000 0 0.25 0
448.000 448.000 -432.000 0 0 0.25
3
448.000 142.103 -432.000 0.25 0 0
-448.000 448.000 -432.000 0 0.25 0
448.000 448.000 -432.000 0 0 0.25
3
448.000 142.103 -432.000 0.25 0 0
-448.000 -215.950 -432.000 0 0.25 0
-448.000 448.000 -432.000 0 0 0.25
3
-448.000 -215.950 -448.000 0.25 0 0
-448.000 448.000 -432.000 0 0.25 0
-448.000 -215.950 -432.000 0 0 0.25
3
-448.000 448.000 -448.000 0.25 0 0
-448.000 448.000 -432.000 0 0.25 0
-448.000 -215.950 -448.000 0 0 0.25
3
448.000 142.103 -448.000 0.25 0 0
-448.000 448.000 -448.000 0 0.25 0
-448.000 -215.950 -448.000 0 0 0.25
3
448.000 448.000 -448.000 0.25 0 0
-448.000 448.000 -448.000 0 0.25 0
448.000 142.103 -448.000 0 0 0.25
3
-448.000 -215.950 -432.000 0.25 0 0
448.000 142.103 -448.000 0 0.25 0
-448.000 -215.950 -448.000 0 0 0.25
3
448.000 142.103 -432.000 0.25 0 0
448.000 142.103 -448.000 0 0.25 0
-448.000 -215.950 -432.000 0 0 0.25
3
448.000 142.103 -432.000 0.25 0 0
448.000 142.103 -448.000 0 0.25 0
448.000 25.368 -432.000 0 0 0.25
3
448.000 142.103 -448.000 0.25 0 0
448.000 25.368 -448.000 0 0.25 0
448.000 25.368 -432.000 0 0 0.25
3
-27.999 -164.847 -432.000 0.25 0 0
-68.224 -64.187 -432.000 0 0.25 0
448.000 25.368 -432.000 0 0 0.25
3
-68.224 -64.187 -432.000 0.25 0 0
448.000 142.103 -432.000 0 0.25 0
448.000 25.368 -432.000 0 0 0.25
3
448.000 25.368 -448.000 0.25 0 0
448.000 142.103 -448.000 0 0.25 0
-68.224 -64.187 -448.000 0 0 0.25
3
-27.999 -164.847 -448.000 0.25 0 0
448.000 25.368 -448.000 0 0.25 0
-68.224 -64.187 -448.000 0 0 0.25
3
-27.999 -164.847 -432.000 0.25 0 0
448.000 25.368 -448.000 0 0.25 0
-27.999 -164.847 -448.000 0 0 0.25
3
448.000 25.368 -432.000 0.25 0 0
448.000 25.368 -448.000 0 0.25 0
-27.999 -164.847 -432.000 0 0 0.25
3
-68.224 -64.187 -432.000 0.25 0 0
-68.224 -64.187 -448.000 0 0.25 0
448.000 142.103 -432.000 0 0 0.25
3
-68.224 -64.187 -448.000 0.25 0 0
448.000 142.103 -448.000 0 0.25 0
448.000 142.103 -432.000 0 0 0.25
3
-27.999 -164.847 -432.000 0.25 0 0
-68.224 -64.187 -448.000 0 0.25 0
-68.224 -64.187 -432.000 0 0 0.25
3
-27.999 -164.847 -448.000 0.25 0 0
-68.224 -64.187 -448.000 0 0.25 0
-27.999 -164.847 -432.000 0 0 0.25
3
-128.026 -88.084 -448.000 0.25 0 0
-87.801 -188.745 -448.000 0 0.25 0
-512.000 -241.525 -448.000 0 0 0.25
3
-87.801 -188.745 -448.000 0.25 0 0
-512.000 -358.260 -448.000 0 0.25 0
-512.000 -241.525 -448.000 0 0 0.25
3
-512.000 -241.525 -448.000 0.25 0 0
-512.000 -358.260 -512.000 0 0.25 0
-512.000 -241.525 -512.000 0 0 0.25
3
-512.000 -358.260 -448.000 0.25 0 0
-512.000 -358.260 -512.000 0 0.25 0
-512.000 -241.525 -448.000 0 0 0.25
3
-512.000 -241.525 -512.000 0.25 0 0
-512.000 -358.260 -512.000 0 0.25 0
-87.801 -188.745 -512.000 0 0 0.25
3
-128.026 -88.084 -512.000 0.25 0 0
-512.000 -241.525 -512.000 0 0.25 0
-87.801 -188.745 -512.000 0 0 0.25
3
-87.801 -188.745 -512.000 0.25 0 0
-512.000 -358.260 -448.000 0 0.25 0
-87.801 -188.745 -448.000 0 0 0.25
3
-512.000 -358.260 -512.000 0.25 0 0
-512.000 -358.260 -448.000 0 0.25 0
-87.801 -188.745 -512.000 0 0 0.25
3
-128.026 -88.084 -512.000 0.25 0 0
-128.026 -88.084 -448.000 0 0.25 0
-512.000 -241.525 -512.000 0 0 0.25
3
-128.026 -88.084 -448.000 0.25 0 0
-512.000 -241.525 -448.000 0 0.25 0
-512.000 -241.525 -512.000 0 0 0.25
3
-128.026 -88.084 -512.000 0.25 0 0
-87.801 -188.745 -448.000 0 0.25 0
-128.026 -88.084 -448.000 0 0 0.25
3
-128.026 -88.084 -512.000 0.25 0 0
-87.801 -188.745 -512.000 0 0.25 0
-87.801 -188.745 -448.000 0 0 0.25
3
512.000 50.943 -448.000 0.25 0 0
512.000 50.943 -512.000 0 0.25 0
512.000 -512.000 -448.000 0 0 0.25
3
512.000 50.943 -512.000 0.25 0 0
512.000 -512.000 -512.000 0 0.25 0
512.000 -512.000 -448.000 0 0 0.25
3
-512.000 -358.260 -448.000 0.25 0 0
512.000 -512.000 -448.000 0 0.25 0
-512.000 -512.000 -448.000 0 0 0.25
3
-512.000 -358.260 -448.000 0.25 0 0
512.000 50.943 -448.000 0 0.25 0
512.000 -512.000 -448.000 0 0 0.25
3
-512.000 -358.260 -448.000 0.25 0 0
-512.000 -512.000 -512.000 0 0.25 0
-512.000 -358.260 -512.000 0 0 0.25
3
-512.000 -512.000 -448.000 0.25 0 0
-512.000 -512.000 -512.000 0 0.25 0
-512.000 -358.260 -448.000 0 0 0.25
3
512.000 -512.000 -512.000 0.25 0 0
-512.000 -512.000 -448.000 0 0.25 0
512.000 -512.000 -448.000 0 0 0.25
3
-512.000 -512.000 -512.000 0.25 0 0
-512.000 -512.000 -448.000 0 0.25 0
512.000 -512.000 -512.000 0 0 0.25
3
-512.000 -358.260 -512.000 0.25 0 0
512.000 -512.000 -512.000 0 0.25 0
512.000 50.943 -512.000 0 0 0.25
3
-512.000 -512.000 -512.000 0.25 0 0
512.000 -512.000 -512.000 0 0.25 0
-512.000 -358.260 -512.000 0 0 0.25
3
512.000 50.943 -512.000 0.25 0 0
512.000 50.943 -448.000 0 0.25 0
-512.000 -358.260 -512.000 0 0 0.25
3
512.000 50.943 -448.000 0.25 0 0
-512.000 -358.260 -448.000 0 0.25 0
-512.000 -358.260 -512.000 0 0 0.25
3
512.000 167.678 -512.000 0.25 0 0
512.000 167.678 -448.000 0 0.25 0
512.000 512.000 -512.000 0 0 0.25
3
512.000 167.678 -448.000 0.25 0 0
512.000 512.000 -448.000 0 0.25 0
512.000 512.000 -512.000 0 0 0.25
3
-512.000 512.000 -448.000 0.25 0 0
-512.000 512.000 -512.000 0 0.25 0
512.000 512.000 -448.000 0 0 0.25
3
-512.000 512.000 -512.000 0.25 0 0
512.000 512.000 -512.000 0 0.25 0
512.000 512.000 -448.000 0 0 0.25
3
512.000 167.678 -448.000 0.25 0 0
-512.000 512.000 -448.000 0 0.25 0
512.000 512.000 -448.000 0 0 0.25
3
512.000 167.678 -448.000 0.25 0 0
-512.000 -241.525 -448.000 0 0.25 0
-512.000 512.000 -448.000 0 0 0.25
3
-512.000 512.000 -512.000 0.25 0 0
-512.000 512.000 -448.000 0 0.25 0
-512.000 -241.525 -448.000 0 0 0.25
3
-512.000 -241.525 -512.000 0.25 0 0
-512.000 512.000 -512.000 0 0.25 0
-512.000 -241.525 -448.000 0 0 0.25
3
512.000 167.678 -512.000 0.25 0 0
-512.000 512.000 -512.000 0 0.25 0
-512.000 -241.525 -512.000 0 0 0.25
3
512.000 512.000 -512.000 0.25 0 0
-512.000 512.000 -512.000 0 0.25 0
512.000 167.678 -512.000 0 0 0.25
3
-512.000 -241.525 -448.000 0.25 0 0
512.000 167.678 -512.000 0 0.25 0
-512.000 -241.525 -512.000 0 0 0.25
3
512.000 167.678 -448.000 0.25 0 0
512.000 167.678 -512.000 0 0.25 0
-512.000 -241.525 -448.000 0 0 0.25
3
512.000 167.678 -448.000 0.25 0 0
512.000 167.678 -512.000 0 0.25 0
512.000 50.943 -448.000 0 0 0.25
3
512.000 167.678 -512.000 0.25 0 0
512.000 50.943 -512.000 0 0.25 0
512.000 50.943 -448.000 0 0 0.25
3
-27.999 -164.847 -448.000 0.25 0 0
-68.225 -64.187 -448.000 0 0.25 0
512.000 50.943 -448.000 0 0 0.25
3
-68.225 -64.187 -448.000 0.25 0 0
512.000 167.678 -448.000 0 0.25 0
512.000 50.943 -448.000 0 0 0.25
3
512.000 50.943 -512.000 0.25 0 0
512.000 167.678 -512.000 0 0.25 0
-68.225 -64.187 -512.000 0 0 0.25
3
-27.999 -164.847 -512.000 0.25 0 0
512.000 50.943 -512.000 0 0.25 0
-68.225 -64.187 -512.000 0 0 0.25
3
-27.999 -164.847 -448.000 0.25 0 0
512.000 50.943 -512.000 0 0.25 0
-27.999 -164.847 -512.000 0 0 0.25
3
512.000 50.943 -448.000 0.25 0 0
512.000 50.943 -512.000 0 0.25 0
-27.999 -164.847 -448.000 0 0 0.25
3
-68.225 -64.187 -448.000 0.25 0 0
512.000 167.678 -512.000 0 0.25 0
512.000 167.678 -448.000 0 0 0.25
3
-68.225 -64.187 -448.000 0.25 0 0
-68.225 -64.187 -512.000 0 0.25 0
512.000 167.678 -512.000 0 0 0.25
3
-27.999 -164.847 -448.000 0.25 0 0
-68.225 -64.187 -512.000 0 0.25 0
-68.225 -64.187 -448.000 0 0 0.25
3
-27.999 -164.847 -512.000 0.25 0 0
-68.225 -64.187 -512.000 0 0.25 0
-27.999 -164.847 -448.000 0 0 0.25
3
-68.225 -64.187 -431.979 0.25 0 0
-127.989 -88.177 -431.979 0 0.25 0
-128.026 -88.084 -431.979 0 0 0.25
3
-68.225 -64.187 -431.979 0.25 0 0
-68.187 -64.280 -431.979 0 0.25 0
-127.989 -88.177 -431.979 0 0 0.25
3
-68.224 -64.187 -432.979 0.25 0 0
-127.989 -88.177 -432.979 0 0.25 0
-68.187 -64.280 -432.979 0 0 0.25
3
-128.026 -88.084 -432.979 0.25 0 0
-127.989 -88.177 -432.979 0 0.25 0
-68.224 -64.187 -432.979 0 0 0.25
3
-68.187 -64.280 -432.979 0.25 0 0
-127.989 -88.177 -431.979 0 0.25 0
-68.187 -64.280 -431.979 0 0 0.25
3
-127.989 -88.177 -432.979 0.25 0 0
-127.989 -88.177 -431.979 0 0.25 0
-68.187 -64.280 -432.979 0 0 0.25
3
-68.224 -64.187 -432.979 0.25 0 0
-68.225 -64.187 -431.979 0 0.25 0
-128.026 -88.084 -432.979 0 0 0.25
3
-68.225 -64.187 -431.979 0.25 0 0
-128.026 -88.084 -431.979 0 0.25 0
-128.026 -88.084 -432.979 0 0 0.25
3
-127.989 -88.177 -432.979 0.25 0 0
-128.026 -88.084 -432.979 0 0.25 0
-128.026 -88.084 -431.979 0 0 0.25
3
-127.989 -88.177 -431.979 0.25 0 0
-127.989 -88.177 -432.979 0 0.25 0
-128.026 -88.084 -431.979 0 0 0.25
3
-68.224 -64.187 -432.979 0.25 0 0
-68.187 -64.280 -432.979 0 0.25 0
-68.225 -64.187 -431.979 0 0 0.25
3
-68.187 -64.280 -432.979 0.25 0 0
-68.187 -64.280 -431.979 0 0.25 0
-68.225 -64.187 -431.979 0 0 0.25
3
-127.896 -88.140 -431.979 0.25 0 0
-87.746 -188.615 -431.979 0 0.25 0
-127.989 -88.177 -431.979 0 0 0.25
3
-87.746 -188.615 -431.979 0.25 0 0
-87.838 -188.652 -431.979 0 0.25 0
-127.989 -88.177 -431.979 0 0 0.25
3
-127.989 -88.177 -432.979 0.25 0 0
-87.838 -188.652 -432.979 0 0.25 0
-87.746 -188.615 -432.979 0 0 0.25
3
-127.896 -88.140 -432.979 0.25 0 0
-127.989 -88.177 -432.979 0 0.25 0
-87.746 -188.615 -432.979 0 0 0.25
3
-87.746 -188.615 -432.979 0.25 0 0
-87.838 -188.652 -431.979 0 0.25 0
-87.746 -188.615 -431.979 0 0 0.25
3
-87.838 -188.652 -432.979 0.25 0 0
-87.838 -188.652 -431.979 0 0.25 0
-87.746 -188.615 -432.979 0 0 0.25
3
-127.896 -88.140 -432.979 0.25 0 0
-127.896 -88.140 -431.979 0 0.25 0
-127.989 -88.177 -432.979 0 0 0.25
3
-127.896 -88.140 -431.979 0.25 0 0
-127.989 -88.177 -431.979 0 0.25 0
-127.989 -88.177 -432.979 0 0 0.25
3
-87.838 -188.652 -431.979 0.25 0 0
-127.989 -88.177 -432.979 0 0.25 0
-127.989 -88.177 -431.979 0 0 0.25
3
-87.838 -188.652 -432.979 0.25 0 0
-127.989 -88.177 -432.979 0 0.25 0
-87.838 -188.652 -431.979 0 0 0.25
3
-127.896 -88.140 -432.979 0.25 0 0
-87.746 -188.615 -431.979 0 0.25 0
-127.896 -88.140 -431.979 0 0 0.25
3
-127.896 -88.140 -432.979 0.25 0 0
-87.746 -188.615 -432.979 0 0.25 0
-87.746 -188.615 -431.979 0 0 0.25
3
-28.037 -164.754 -431.979 0.25 0 0
-27.999 -164.847 -431.979 0 0.25 0
-87.838 -188.652 -431.979 0 0 0.25
3
-27.999 -164.847 -431.979 0.25 0 0
-87.801 -188.745 -431.979 0 0.25 0
-87.838 -188.652 -431.979 0 0 0.25
3
-28.037 -164.754 -432.979 0.25 0 0
-87.801 -188.745 -432.979 0 0.25 0
-27.999 -164.847 -432.979 0 0 0.25
3
-87.838 -188.652 -432.979 0.25 0 0
-87.801 -188.745 -432.979 0 0.25 0
-28.037 -164.754 -432.979 0 0 0.25
3
-87.801 -188.745 -432.979 0.25 0 0
-87.801 -188.745 -431.979 0 0.25 0
-27.999 -164.847 -431.979 0 0 0.25
3
-27.999 -164.847 -432.979 0.25 0 0
-87.801 -188.745 -432.979 0 0.25 0
-27.999 -164.847 -431.979 0 0 0.25
3
-28.037 -164.754 -432.979 0.25 0 0
-87.838 -188.652 -431.979 0 0.25 0
-87.838 -188.652 -432.979 0 0 0.25
3
-28.037 -164.754 -432.979 0.25 0 0
-28.037 -164.754 -431.979 0 0.25 0
-87.838 -188.652 -431.979 0 0 0.25
3
-87.801 -188.745 -432.979 0.25 0 0
-87.838 -188.652 -432.979 0 0.25 0
-87.838 -188.652 -431.979 0 0 0.25
3
-87.801 -188.745 -431.979 0.25 0 0
-87.801 -188.745 -432.979 0 0.25 0
-87.838 -188.652 -431.979 0 0 0.25
3
-28.037 -164.754 -432.979 0.25 0 0
-27.999 -164.847 -431.979 0 0.25 0
-28.037 -164.754 -431.979 0 0 0.25
3
-28.037 -164.754 -432.979 0.25 0 0
-27.999 -164.847 -432.979 0 0.25 0
-27.999 -164.847 -431.979 0 0 0.25
3
-68.187 -64.280 -431.979 0.25 0 0
-28.037 -164.754 -431.979 0 0.25 0
-68.280 -64.317 -431.979 0 0 0.25
3
-28.037 -164.754 -431.979 0.25 0 0
-28.129 -164.791 -431.979 0 0.25 0
-68.280 -64.317 -431.979 0 0 0.25
3
-68.280 -64.317 -432.979 0.25 0 0
-28.129 -164.791 -432.979 0 0.25 0
-28.037 -164.754 -432.979 0 0 0.25
3
-68.187 -64.280 -432.979 0.25 0 0
-68.280 -64.317 -432.979 0 0.25 0
-28.037 -164.754 -432.979 0 0 0.25
3
-28.037 -164.754 -432.979 0.25 0 0
-28.129 -164.791 -431.979 0 0.25 0
-28.037 -164.754 -431.979 0 0 0.25
3
-28.129 -164.791 -432.979 0.25 0 0
-28.129 -164.791 -431.979 0 0.25 0
-28.037 -164.754 -432.979 0 0 0.25
3
-68.187 -64.280 -432.979 0.25 0 0
-68.280 -64.317 -431.979 0 0.25 0
-68.280 -64.317 -432.979 0 0 0.25
3
-68.187 -64.280 -432.979 0.25 0 0
-68.187 -64.280 -431.979 0 0.25 0
-68.280 -64.317 -431.979 0 0 0.25
3
-28.129 -164.791 -432.979 0.25 0 0
-68.280 -64.317 -432.979 0 0.25 0
-68.280 -64.317 -431.979 0 0 0.25
3
-28.129 -164.791 -431.979 0.25 0 0
-28.129 -164.791 -432.979 0 0.25 0
-68.280 -64.317 -431.979 0 0 0.25
3
-68.187 -64.280 -432.979 0.25 0 0
-28.037 -164.754 -432.979 0 0.25 0
-68.187 -64.280 -431.979 0 0 0.25
3
-28.037 -164.754 -432.979 0.25 0 0
-28.037 -164.754 -431.979 0 0.25 0
-68.187 -64.280 -431.979 0 0 0.25
