3
448.000 -448.000 -204.169 0.25 0 0
448.000 448.000 -204.169 0 0.25 0
448.000 -448.000 -432.000 0 0 0.25
3
448.000 448.000 -204.169 0.25 0 0
448.000 448.000 -432.000 0 0.25 0
448.000 -448.000 -432.000 0 0 0.25
3
448.000 448.000 -204.169 0.25 0 0
432.000 448.000 -432.000 0 0.25 0
448.000 448.000 -432.000 0 0 0.25
3
448.000 448.000 -204.169 0.25 0 0
432.000 448.000 -204.169 0 0.25 0
432.000 448.000 -432.000 0 0 0.25
3
432.000 -448.000 -204.169 0.25 0 0
432.000 448.000 -432.000 0 0.25 0
432.000 448.000 -204.169 0 0 0.25
3
432.000 -448.000 -432.000 0.25 0 0
432.000 448.000 -432.000 0 0.25 0
432.000 -448.000 -204.169 0 0 0.25
3
448.000 -448.000 -204.169 0.25 0 0
432.000 -448.000 -432.000 0 0.25 0
432.000 -448.000 -204.169 0 0 0.25
3
448.000 -448.000 -432.000 0.25 0 0
432.000 -448.000 -432.000 0 0.25 0
448.000 -448.000 -204.169 0 0 0.25
3
448.000 448.000 -432.000 0.25 0 0
432.000 448.000 -432.000 0 0.25 0
432.000 -448.000 -432.000 0 0 0.25
3
448.000 -448.000 -432.000 0.25 0 0
448.000 448.000 -432.000 0 0.25 0
432.000 -448.000 -432.000 0 0 0.25
3
432.000 -448.000 -204.169 0.25 0 0
432.000 448.000 -204.169 0 0.25 0
448.000 -448.000 -204.169 0 0 0.25
3
432.000 448.000 -204.169 0.25 0 0
448.000 448.000 -204.169 0 0.25 0
448.000 -448.000 -204.169 0 0 0.25
3
448.000 227.706 -96.000 0.25 0 0
448.000 227.706 -204.169 0 0.25 0
448.000 -448.000 -96.000 0 0 0.25
3
448.000 227.706 -204.169 0.25 0 0
448.000 -448.000 -204.169 0 0.25 0
448.000 -448.000 -96.000 0 0 0.25
3
432.000 227.706 -96.000 0.25 0 0
448.000 227.706 -96.000 0 0.25 0
432.000 -448.000 -96.000 0 0 0.25
3
448.000 227.706 -96.000 0.25 0 0
448.000 -448.000 -96.000 0 0.25 0
432.000 -448.000 -96.000 0 0 0.25
3
432.000 227.706 -96.000 0.25 0 0
432.000 -448.000 -204.169 0 0.25 0
432.000 227.706 -204.169 0 0 0.25
3
432.000 -448.000 -96.000 0.25 0 0
432.000 -448.000 -204.169 0 0.25 0
432.000 227.706 -96.000 0 0 0.25
3
432.000 -448.000 -96.000 0.25 0 0
448.000 -448.000 -96.000 0 0.25 0
448.000 -448.000 -204.169 0 0 0.25
3
432.000 -448.000 -204.169 0.25 0 0
432.000 -448.000 -96.000 0 0.25 0
448.000 -448.000 -204.169 0 0 0.25
3
432.000 -448.000 -204.169 0.25 0 0
448.000 -448.000 -204.169 0 0.25 0
448.000 227.706 -204.169 0 0 0.25
3
432.000 227.706 -204.169 0.25 0 0
432.000 -448.000 -204.169 0 0.25 0
448.000 227.706 -204.169 0 0 0.25
3
448.000 227.706 -204.169 0.25 0 0
432.000 227.706 -96.000 0 0.25 0
432.000 227.706 -204.169 0 0 0.25
3
448.000 227.706 -204.169 0.25 0 0
448.000 227.706 -96.000 0 0.25 0
432.000 227.706 -96.000 0 0 0.25
3
448.000 292.106 -204.169 0.25 0 0
448.000 292.106 -96.000 0 0.25 0
448.000 448.000 -204.169 0 0 0.25
3
448.000 292.106 -96.000 0.25 0 0
448.000 448.000 -96.000 0 0.25 0
448.000 448.000 -204.169 0 0 0.25
3
432.000 448.000 -204.169 0.25 0 0
448.000 448.000 -204.169 0 0.25 0
432.000 448.000 -96.000 0 0 0.25
3
448.000 448.000 -204.169 0.25 0 0
448.000 448.000 -96.000 0 0.25 0
432.000 448.000 -96.000 0 0 0.25
3
448.000 292.106 -96.000 0.25 0 0
432.000 292.106 -96.000 0 0.25 0
448.000 448.000 -96.000 0 0 0.25
3
432.000 292.106 -96.000 0.25 0 0
432.000 448.000 -96.000 0 0.25 0
448.000 448.000 -96.000 0 0 0.25
3
432.000 292.106 -204.169 0.25 0 0
432.000 448.000 -96.000 0 0.25 0
432.000 292.106 -96.000 0 0 0.25
3
432.000 448.000 -204.169 0.25 0 0
432.000 448.000 -96.000 0 0.25 0
432.000 292.106 -204.169 0 0 0.25
3
448.000 292.106 -204.169 0.25 0 0
432.000 448.000 -204.169 0 0.25 0
432.000 292.106 -204.169 0 0 0.25
3
448.000 448.000 -204.169 0.25 0 0
432.000 448.000 -204.169 0 0.25 0
448.000 292.106 -204.169 0 0 0.25
3
432.000 292.106 -96.000 0.25 0 0
448.000 292.106 -204.169 0 0.25 0
432.000 292.106 -204.169 0 0 0.25
3
448.000 292.106 -96.000 0.25 0 0
448.000 292.106 -204.169 0 0.25 0
432.000 292.106 -96.000 0 0 0.25
3
432.000 448.000 -96.000 0.25 0 0
432.000 448.000 -432.000 0 0.25 0
432.000 432.000 -96.000 0 0 0.25
3
432.000 448.000 -432.000 0.25 0 0
432.000 432.000 -432.000 0 0.25 0
432.000 432.000 -96.000 0 0 0.25
3
431.979 448.000 -96.000 0.25 0 0
431.979 448.000 -432.000 0 0.25 0
432.000 448.000 -96.000 0 0 0.25
3
431.979 448.000 -432.000 0.25 0 0
432.000 448.000 -432.000 0 0.25 0
432.000 448.000 -96.000 0 0 0.25
3
431.979 432.000 -96.000 0.25 0 0
431.979 448.000 -96.000 0 0.25 0
432.000 432.000 -96.000 0 0 0.25
3
431.979 448.000 -96.000 0.25 0 0
432.000 448.000 -96.000 0 0.25 0
432.000 432.000 -96.000 0 0 0.25
3
431.979 432.000 -96.000 0.25 0 0
432.000 432.000 -432.000 0 0.25 0
431.979 432.000 -432.000 0 0 0.25
3
432.000 432.000 -96.000 0.25 0 0
432.000 432.000 -432.000 0 0.25 0
431.979 432.000 -96.000 0 0 0.25
3
431.979 432.000 -432.000 0.25 0 0
432.000 448.000 -432.000 0 0.25 0
431.979 448.000 -432.000 0 0 0.25
3
432.000 432.000 -432.000 0.25 0 0
432.000 448.000 -432.000 0 0.25 0
431.979 432.000 -432.000 0 0 0.25
3
431.979 448.000 -96.000 0.25 0 0
431.979 432.000 -432.000 0 0.25 0
431.979 448.000 -432.000 0 0 0.25
3
431.979 432.000 -96.000 0.25 0 0
431.979 432.000 -432.000 0 0.25 0
431.979 448.000 -96.000 0 0 0.25
3
448.000 512.000 448.000 0.25 0 0
448.000 512.000 -448.000 0 0.25 0
448.000 448.000 448.000 0 0 0.25
3
448.000 512.000 -448.000 0.25 0 0
448.000 448.000 -448.000 0 0.25 0
448.000 448.000 448.000 0 0 0.25
3
431.979 512.000 448.000 0.25 0 0
448.000 512.000 -448.000 0 0.25 0
448.000 512.000 448.000 0 0 0.25
3
431.979 512.000 448.000 0.25 0 0
431.979 512.000 -448.000 0 0.25 0
448.000 512.000 -448.000 0 0 0.25
3
431.979 448.000 448.000 0.25 0 0
448.000 512.000 448.000 0 0.25 0
448.000 448.000 448.000 0 0 0.25
3
431.979 448.000 448.000 0.25 0 0
431.979 512.000 448.000 0 0.25 0
448.000 512.000 448.000 0 0 0.25
3
448.000 448.000 448.000 0.25 0 0
448.000 448.000 -448.000 0 0.25 0
431.979 448.000 -448.000 0 0 0.25
3
431.979 448.000 448.000 0.25 0 0
448.000 448.000 448.000 0 0.25 0
431.979 448.000 -448.000 0 0 0.25
3
431.979 448.000 -448.000 0.25 0 0
448.000 512.000 -448.000 0 0.25 0
431.979 512.000 -448.000 0 0 0.25
3
448.000 448.000 -448.000 0.25 0 0
448.000 512.000 -448.000 0 0.25 0
431.979 448.000 -448.000 0 0 0.25
3
431.979 512.000 448.000 0.25 0 0
431.979 448.000 -448.000 0 0.25 0
431.979 512.000 -448.000 0 0 0.25
3
431.979 448.000 448.000 0.25 0 0
431.979 448.000 -448.000 0 0.25 0
431.979 512.000 448.000 0 0 0.25
3
512.000 512.000 -95.769 0.25 0 0
512.000 -512.000 -95.769 0 0.25 0
512.000 512.000 448.000 0 0 0.25
3
512.000 -512.000 -95.769 0.25 0 0
512.000 -512.000 448.000 0 0.25 0
512.000 512.000 448.000 0 0 0.25
3
448.000 512.000 -95.769 0.25 0 0
512.000 512.000 -95.769 0 0.25 0
448.000 512.000 448.000 0 0 0.25
3
512.000 512.000 -95.769 0.25 0 0
512.000 512.000 448.000 0 0.25 0
448.000 512.000 448.000 0 0 0.25
3
512.000 512.000 448.000 0.25 0 0
512.000 -512.000 448.000 0 0.25 0
448.000 512.000 448.000 0 0 0.25
3
512.000 -512.000 448.000 0.25 0 0
448.000 -512.000 448.000 0 0.25 0
448.000 512.000 448.000 0 0 0.25
3
448.000 512.000 -95.769 0.25 0 0
448.000 -512.000 448.000 0 0.25 0
448.000 -512.000 -95.769 0 0 0.25
3
448.000 512.000 448.000 0.25 0 0
448.000 -512.000 448.000 0 0.25 0
448.000 512.000 -95.769 0 0 0.25
3
448.000 -512.000 -95.769 0.25 0 0
512.000 -512.000 448.000 0 0.25 0
512.000 -512.000 -95.769 0 0 0.25
3
448.000 -512.000 448.000 0.25 0 0
512.000 -512.000 448.000 0 0.25 0
448.000 -512.000 -95.769 0 0 0.25
3
512.000 512.000 -95.769 0.25 0 0
448.000 -512.000 -95.769 0 0.25 0
512.000 -512.000 -95.769 0 0 0.25
3
448.000 512.000 -95.769 0.25 0 0
448.000 -512.000 -95.769 0 0.25 0
512.000 512.000 -95.769 0 0 0.25
3
512.000 227.706 -95.769 0.25 0 0
512.000 227.706 -204.169 0 0.25 0
512.000 -512.000 -95.769 0 0 0.25
3
512.000 227.706 -204.169 0.25 0 0
512.000 -512.000 -204.169 0 0.25 0
512.000 -512.000 -95.769 0 0 0.25
3
448.000 227.706 -95.769 0.25 0 0
448.000 -512.000 -204.169 0 0.25 0
448.000 227.706 -204.169 0 0 0.25
3
448.000 -512.000 -95.769 0.25 0 0
448.000 -512.000 -204.169 0 0.25 0
448.000 227.706 -95.769 0 0 0.25
3
448.000 -512.000 -204.169 0.25 0 0
512.000 -512.000 -95.769 0 0.25 0
512.000 -512.000 -204.169 0 0 0.25
3
448.000 -512.000 -95.769 0.25 0 0
512.000 -512.000 -95.769 0 0.25 0
448.000 -512.000 -204.169 0 0 0.25
3
448.000 227.706 -95.769 0.25 0 0
512.000 227.706 -95.769 0 0.25 0
448.000 -512.000 -95.769 0 0 0.25
3
512.000 227.706 -95.769 0.25 0 0
512.000 -512.000 -95.769 0 0.25 0
448.000 -512.000 -95.769 0 0 0.25
3
448.000 227.706 -204.169 0.25 0 0
512.000 -512.000 -204.169 0 0.25 0
512.000 227.706 -204.169 0 0 0.25
3
448.000 -512.000 -204.169 0.25 0 0
512.000 -512.000 -204.169 0 0.25 0
448.000 227.706 -204.169 0 0 0.25
3
512.000 227.706 -204.169 0.25 0 0
512.000 227.706 -95.769 0 0.25 0
448.000 227.706 -204.169 0 0 0.25
3
512.000 227.706 -95.769 0.25 0 0
448.000 227.706 -95.769 0 0.25 0
448.000 227.706 -204.169 0 0 0.25
3
512.000 292.106 -204.169 0.25 0 0
512.000 292.106 -95.769 0 0.25 0
512.000 512.000 -204.169 0 0 0.25
3
512.000 292.106 -95.769 0.25 0 0
512.000 512.000 -95.769 0 0.25 0
512.000 512.000 -204.169 0 0 0.25
3
448.000 512.000 -204.169 0.25 0 0
512.000 512.000 -204.169 0 0.25 0
448.000 512.000 -95.769 0 0 0.25
3
512.000 512.000 -204.169 0.25 0 0
512.000 512.000 -95.769 0 0.25 0
448.000 512.000 -95.769 0 0 0.25
3
448.000 292.106 -204.169 0.25 0 0
448.000 512.000 -95.769 0 0.25 0
448.000 292.106 -95.769 0 0 0.25
3
448.000 512.000 -204.169 0.25 0 0
448.000 512.000 -95.769 0 0.25 0
448.000 292.106 -204.169 0 0 0.25
3
512.000 292.106 -95.769 0.25 0 0
448.000 512.000 -95.769 0 0.25 0
512.000 512.000 -95.769 0 0 0.25
3
512.000 292.106 -95.769 0.25 0 0
448.000 292.106 -95.769 0 0.25 0
448.000 512.000 -95.769 0 0 0.25
3
512.000 512.000 -204.169 0.25 0 0
448.000 512.000 -204.169 0 0.25 0
448.000 292.106 -204.169 0 0 0.25
3
512.000 292.106 -204.169 0.25 0 0
512.000 512.000 -204.169 0 0.25 0
448.000 292.106 -204.169 0 0 0.25
3
448.000 292.106 -95.769 0.25 0 0
512.000 292.106 -204.169 0 0.25 0
448.000 292.106 -204.169 0 0 0.25
3
512.000 292.106 -95.769 0.25 0 0
512.000 292.106 -204.169 0 0.25 0
448.000 292.106 -95.769 0 0 0.25
3
512.000 -512.000 -204.169 0.25 0 0
512.000 512.000 -204.169 0 0.25 0
512.000 -512.000 -448.000 0 0 0.25
3
512.000 512.000 -204.169 0.25 0 0
512.000 512.000 -448.000 0 0.25 0
512.000 -512.000 -448.000 0 0 0.25
3
512.000 512.000 -204.169 0.25 0 0
448.000 512.000 -204.169 0 0.25 0
512.000 512.000 -448.000 0 0 0.25
3
448.000 512.000 -204.169 0.25 0 0
448.000 512.000 -448.000 0 0.25 0
512.000 512.000 -448.000 0 0 0.25
3
448.000 -512.000 -204.169 0.25 0 0
448.000 512.000 -448.000 0 0.25 0
448.000 512.000 -204.169 0 0 0.25
3
448.000 -512.000 -448.000 0.25 0 0
448.000 512.000 -448.000 0 0.25 0
448.000 -512.000 -204.169 0 0 0.25
3
512.000 -512.000 -204.169 0.25 0 0
448.000 -512.000 -448.000 0 0.25 0
448.000 -512.000 -204.169 0 0 0.25
3
512.000 -512.000 -448.000 0.25 0 0
448.000 -512.000 -448.000 0 0.25 0
512.000 -512.000 -204.169 0 0 0.25
3
512.000 -512.000 -448.000 0.25 0 0
448.000 512.000 -448.000 0 0.25 0
448.000 -512.000 -448.000 0 0 0.25
3
512.000 512.000 -448.000 0.25 0 0
448.000 512.000 -448.000 0 0.25 0
512.000 -512.000 -448.000 0 0 0.25
3
448.000 -512.000 -204.169 0.25 0 0
448.000 512.000 -204.169 0 0.25 0
512.000 -512.000 -204.169 0 0 0.25
3
448.000 512.000 -204.169 0.25 0 0
512.000 512.000 -204.169 0 0.25 0
512.000 -512.000 -204.169 0 0 0.25
3
431.979 227.706 -95.769 0.25 0 0
431.979 227.706 -95.869 0 0.25 0
431.979 292.106 -95.869 0 0 0.25
3
431.979 292.106 -95.769 0.25 0 0
431.979 227.706 -95.769 0 0.25 0
431.979 292.106 -95.869 0 0 0.25
3
432.979 292.106 -95.769 0.25 0 0
432.979 292.106 -95.869 0 0.25 0
432.979 227.706 -95.769 0 0 0.25
3
432.979 292.106 -95.869 0.25 0 0
432.979 227.706 -95.869 0 0.25 0
432.979 227.706 -95.769 0 0 0.25
3
431.979 292.106 -95.769 0.25 0 0
432.979 292.106 -95.769 0 0.25 0
431.979 227.706 -95.769 0 0 0.25
3
432.979 292.106 -95.769 0.25 0 0
432.979 227.706 -95.769 0 0.25 0
431.979 227.706 -95.769 0 0 0.25
3
431.979 227.706 -95.869 0.25 0 0
432.979 227.706 -95.869 0 0.25 0
432.979 292.106 -95.869 0 0 0.25
3
431.979 292.106 -95.869 0.25 0 0
431.979 227.706 -95.869 0 0.25 0
432.979 292.106 -95.869 0 0 0.25
3
431.979 227.706 -95.769 0.25 0 0
432.979 227.706 -95.869 0 0.25 0
431.979 227.706 -95.869 0 0 0.25
3
432.979 227.706 -95.769 0.25 0 0
432.979 227.706 -95.869 0 0.25 0
431.979 227.706 -95.769 0 0 0.25
3
432.979 292.106 -95.869 0.25 0 0
432.979 292.106 -95.769 0 0.25 0
431.979 292.106 -95.869 0 0 0.25
3
432.979 292.106 -95.769 0.25 0 0
431.979 292.106 -95.769 0 0.25 0
431.979 292.106 -95.869 0 0 0.25
3
431.979 227.706 -95.869 0.25 0 0
431.979 227.706 -204.069 0 0.25 0
431.979 227.806 -204.069 0 0 0.25
3
431.979 227.806 -95.869 0.25 0 0
431.979 227.706 -95.869 0 0.25 0
431.979 227.806 -204.069 0 0 0.25
3
432.979 227.806 -95.869 0.25 0 0
432.979 227.806 -204.069 0 0.25 0
432.979 227.706 -95.869 0 0 0.25
3
432.979 227.806 -204.069 0.25 0 0
432.979 227.706 -204.069 0 0.25 0
432.979 227.706 -95.869 0 0 0.25
3
431.979 227.806 -95.869 0.25 0 0
432.979 227.706 -95.869 0 0.25 0
431.979 227.706 -95.869 0 0 0.25
3
431.979 227.806 -95.869 0.25 0 0
432.979 227.806 -95.869 0 0.25 0
432.979 227.706 -95.869 0 0 0.25
3
431.979 227.806 -204.069 0.25 0 0
432.979 227.706 -204.069 0 0.25 0
432.979 227.806 -204.069 0 0 0.25
3
431.979 227.706 -204.069 0.25 0 0
432.979 227.706 -204.069 0 0.25 0
431.979 227.806 -204.069 0 0 0.25
3
431.979 227.706 -95.869 0.25 0 0
432.979 227.706 -204.069 0 0.25 0
431.979 227.706 -204.069 0 0 0.25
3
432.979 227.706 -95.869 0.25 0 0
432.979 227.706 -204.069 0 0.25 0
431.979 227.706 -95.869 0 0 0.25
3
432.979 227.806 -204.069 0.25 0 0
431.979 227.806 -95.869 0 0.25 0
431.979 227.806 -204.069 0 0 0.25
3
432.979 227.806 -204.069 0.25 0 0
432.979 227.806 -95.869 0 0.25 0
431.979 227.806 -95.869 0 0 0.25
3
431.979 227.706 -204.069 0.25 0 0
431.979 227.706 -204.169 0 0.25 0
431.979 292.106 -204.169 0 0 0.25
3
431.979 292.106 -204.069 0.25 0 0
431.979 227.706 -204.069 0 0.25 0
431.979 292.106 -204.169 0 0 0.25
3
432.979 292.106 -204.069 0.25 0 0
432.979 292.106 -204.169 0 0.25 0
432.979 227.706 -204.069 0 0 0.25
3
432.979 292.106 -204.169 0.25 0 0
432.979 227.706 -204.169 0 0.25 0
432.979 227.706 -204.069 0 0 0.25
3
431.979 292.106 -204.069 0.25 0 0
432.979 292.106 -204.069 0 0.25 0
431.979 227.706 -204.069 0 0 0.25
3
432.979 292.106 -204.069 0.25 0 0
432.979 227.706 -204.069 0 0.25 0
431.979 227.706 -204.069 0 0 0.25
3
431.979 292.106 -204.169 0.25 0 0
432.979 227.706 -204.169 0 0.25 0
432.979 292.106 -204.169 0 0 0.25
3
431.979 227.706 -204.169 0.25 0 0
432.979 227.706 -204.169 0 0.25 0
431.979 292.106 -204.169 0 0 0.25
3
431.979 227.706 -204.069 0.25 0 0
432.979 227.706 -204.169 0 0.25 0
431.979 227.706 -204.169 0 0 0.25
3
432.979 227.706 -204.069 0.25 0 0
432.979 227.706 -204.169 0 0.25 0
431.979 227.706 -204.069 0 0 0.25
3
432.979 292.106 -204.169 0.25 0 0
432.979 292.106 -204.069 0 0.25 0
431.979 292.106 -204.169 0 0 0.25
3
432.979 292.106 -204.069 0.25 0 0
431.979 292.106 -204.069 0 0.25 0
431.979 292.106 -204.169 0 0 0.25
3
431.979 292.106 -95.869 0.25 0 0
431.979 292.006 -204.069 0 0.25 0
431.979 292.106 -204.069 0 0 0.25
3
431.979 292.006 -95.869 0.25 0 0
431.979 292.006 -204.069 0 0.25 0
431.979 292.106 -95.869 0 0 0.25
3
432.979 292.106 -95.869 0.25 0 0
432.979 292.006 -204.069 0 0.25 0
432.979 292.006 -95.869 0 0 0.25
3
432.979 292.106 -95.869 0.25 0 0
432.979 292.106 -204.069 0 0.25 0
432.979 292.006 -204.069 0 0 0.25
3
431.979 292.106 -95.869 0.25 0 0
432.979 292.106 -95.869 0 0.25 0
431.979 292.006 -95.869 0 0 0.25
3
432.979 292.106 -95.869 0.25 0 0
432.979 292.006 -95.869 0 0.25 0
431.979 292.006 -95.869 0 0 0.25
3
431.979 292.106 -204.069 0.25 0 0
432.979 292.006 -204.069 0 0.25 0
432.979 292.106 -204.069 0 0 0.25
3
431.979 292.006 -204.069 0.25 0 0
432.979 292.006 -204.069 0 0.25 0
431.979 292.106 -204.069 0 0 0.25
3
432.979 292.006 -95.869 0.25 0 0
432.979 292.006 -204.069 0 0.25 0
431.979 292.006 -204.069 0 0 0.25
3
431.979 292.006 -95.869 0.25 0 0
432.979 292.006 -95.869 0 0.25 0
431.979 292.006 -204.069 0 0 0.25
3
432.979 292.106 -204.069 0.25 0 0
432.979 292.106 -95.869 0 0.25 0
431.979 292.106 -204.069 0 0 0.25
3
432.979 292.106 -95.869 0.25 0 0
431.979 292.106 -95.869 0 0.25 0
431.979 292.106 -204.069 0 0 0.25
3
431.969 72.885  2.250 0.13 0 0
431.969 140.501  5.087 0 0.13 0
431.969 92.885 34.561 0 0 0.13
3
431.969 72.885  2.250 0.13 0 0
431.969 92.885 34.561 0 0.13 0
431.969 140.501  5.087 0 0 0.13
3
431.969 120.501 -27.224 0.13 0 0
431.969 140.501  5.087 0 0.13 0
431.969 72.885  2.250 0 0 0.13
3
431.969 120.501 -27.224 0.13 0 0
431.969 72.885  2.250 0 0.13 0
431.969 140.501  5.087 0 0 0.13
3
431.969 100.500 -59.535 0.13 0 0
431.969 120.501 -27.224 0 0.13 0
431.969 72.885  2.250 0 0 0.13
3
431.969 100.500 -59.535 0.13 0 0
431.969 72.885  2.250 0 0.13 0
431.969 120.501 -27.224 0 0 0.13
3
431.969 52.884 -30.060 0.13 0 0
431.969 100.500 -59.535 0 0.13 0
431.969 72.885  2.250 0 0 0.13
3
431.969 52.884 -30.060 0.13 0 0
431.969 72.885  2.250 0 0.13 0
431.969 100.500 -59.535 0 0 0.13
3
431.969 32.884 -62.371 0.13 0 0
431.969 100.500 -59.535 0 0.13 0
431.969 52.884 -30.060 0 0 0.13
3
431.969 32.884 -62.371 0.13 0 0
431.969 52.884 -30.060 0 0.13 0
431.969 100.500 -59.535 0 0 0.13
3
431.969 80.499 -91.845 0.13 0 0
431.969 100.500 -59.535 0 0.13 0
431.969 32.884 -62.371 0 0 0.13
3
431.969 80.499 -91.845 0.13 0 0
431.969 32.884 -62.371 0 0.13 0
431.969 100.500 -59.535 0 0 0.13
3
431.969 12.883 -94.681 0.13 0 0
431.969 60.499 -124.156 0 0.13 0
431.969 32.884 -62.371 0 0 0.13
3
431.969 12.883 -94.681 0.13 0 0
431.969 32.884 -62.371 0 0.13 0
431.969 60.499 -124.156 0 0 0.13
3
431.969 60.499 -124.156 0.13 0 0
431.969 80.499 -91.845 0 0.13 0
431.969 32.884 -62.371 0 0 0.13
3
431.969 60.499 -124.156 0.13 0 0
431.969 32.884 -62.371 0 0.13 0
431.969 80.499 -91.845 0 0 0.13
3
431.969 -7.117 -126.992 0.13 0 0
431.969 60.499 -124.156 0 0.13 0
431.969 12.883 -94.681 0 0 0.13
3
431.969 -7.117 -126.992 0.13 0 0
431.969 12.883 -94.681 0 0.13 0
431.969 60.499 -124.156 0 0 0.13
3
431.969 40.498 -156.467 0.13 0 0
431.969 60.499 -124.156 0 0.13 0
431.969 -7.117 -126.992 0 0 0.13
3
431.969 40.498 -156.467 0.13 0 0
431.969 -7.117 -126.992 0 0.13 0
431.969 60.499 -124.156 0 0 0.13
3
431.969 20.498 -188.777 0.13 0 0
431.969 40.498 -156.467 0 0.13 0
431.969 -7.117 -126.992 0 0 0.13
3
431.969 20.498 -188.777 0.13 0 0
431.969 -7.117 -126.992 0 0.13 0
431.969 40.498 -156.467 0 0 0.13
3
431.969 -27.118 -159.303 0.13 0 0
431.969 20.498 -188.777 0 0.13 0
431.969 -7.117 -126.992 0 0 0.13
3
431.969 -27.118 -159.303 0.13 0 0
431.969 -7.117 -126.992 0 0.13 0
431.969 20.498 -188.777 0 0 0.13
3
431.969 -47.119 -191.613 0.13 0 0
431.969 20.498 -188.777 0 0.13 0
431.969 -27.118 -159.303 0 0 0.13
3
431.969 -47.119 -191.613 0.13 0 0
431.969 -27.118 -159.303 0 0.13 0
431.969 20.498 -188.777 0 0 0.13
3
431.969  0.497 -221.088 0.13 0 0
431.969 20.498 -188.777 0 0.13 0
431.969 -47.119 -191.613 0 0 0.13
3
431.969  0.497 -221.088 0.13 0 0
431.969 -47.119 -191.613 0 0.13 0
431.969 20.498 -188.777 0 0 0.13
3
431.969 168.116 -56.699 0.13 0 0
431.969 188.117 -24.388 0 0.13 0
431.969 140.501  5.087 0 0 0.13
3
431.969 168.116 -56.699 0.13 0 0
431.969 140.501  5.087 0 0.13 0
431.969 188.117 -24.388 0 0 0.13
3
431.969 120.501 -27.224 0.13 0 0
431.969 168.116 -56.699 0 0.13 0
431.969 140.501  5.087 0 0 0.13
3
431.969 120.501 -27.224 0.13 0 0
431.969 140.501  5.087 0 0.13 0
431.969 168.116 -56.699 0 0 0.13
3
431.969 100.500 -59.535 0.13 0 0
431.969 168.116 -56.699 0 0.13 0
431.969 120.501 -27.224 0 0 0.13
3
431.969 100.500 -59.535 0.13 0 0
431.969 120.501 -27.224 0 0.13 0
431.969 168.116 -56.699 0 0 0.13
3
431.969 148.116 -89.009 0.13 0 0
431.969 168.116 -56.699 0 0.13 0
431.969 100.500 -59.535 0 0 0.13
3
431.969 148.116 -89.009 0.13 0 0
431.969 100.500 -59.535 0 0.13 0
431.969 168.116 -56.699 0 0 0.13
3
431.969 128.115 -121.320 0.13 0 0
431.969 148.116 -89.009 0 0.13 0
431.969 100.500 -59.535 0 0 0.13
3
431.969 128.115 -121.320 0.13 0 0
431.969 100.500 -59.535 0 0.13 0
431.969 148.116 -89.009 0 0 0.13
3
431.969 80.499 -91.845 0.13 0 0
431.969 128.115 -121.320 0 0.13 0
431.969 100.500 -59.535 0 0 0.13
3
431.969 80.499 -91.845 0.13 0 0
431.969 100.500 -59.535 0 0.13 0
431.969 128.115 -121.320 0 0 0.13
3
431.969 108.114 -153.631 0.13 0 0
431.969 128.115 -121.320 0 0.13 0
431.969 60.499 -124.156 0 0 0.13
3
431.969 108.114 -153.631 0.13 0 0
431.969 60.499 -124.156 0 0.13 0
431.969 128.115 -121.320 0 0 0.13
3
431.969 60.499 -124.156 0.13 0 0
431.969 128.115 -121.320 0 0.13 0
431.969 80.499 -91.845 0 0 0.13
3
431.969 60.499 -124.156 0.13 0 0
431.969 80.499 -91.845 0 0.13 0
431.969 128.115 -121.320 0 0 0.13
3
431.969 88.114 -185.941 0.13 0 0
431.969 108.114 -153.631 0 0.13 0
431.969 60.499 -124.156 0 0 0.13
3
431.969 88.114 -185.941 0.13 0 0
431.969 60.499 -124.156 0 0.13 0
431.969 108.114 -153.631 0 0 0.13
3
431.969 40.498 -156.467 0.13 0 0
431.969 88.114 -185.941 0 0.13 0
431.969 60.499 -124.156 0 0 0.13
3
431.969 40.498 -156.467 0.13 0 0
431.969 60.499 -124.156 0 0.13 0
431.969 88.114 -185.941 0 0 0.13
3
431.969 20.498 -188.777 0.13 0 0
431.969 88.114 -185.941 0 0.13 0
431.969 40.498 -156.467 0 0 0.13
3
431.969 20.498 -188.777 0.13 0 0
431.969 40.498 -156.467 0 0.13 0
431.969 88.114 -185.941 0 0 0.13
3
431.969 68.113 -218.252 0.13 0 0
431.969 88.114 -185.941 0 0.13 0
431.969 20.498 -188.777 0 0 0.13
3
431.969 68.113 -218.252 0.13 0 0
431.969 20.498 -188.777 0 0.13 0
431.969 88.114 -185.941 0 0 0.13
3
431.969 48.113 -250.562 0.13 0 0
431.969 68.113 -218.252 0 0.13 0
431.969 20.498 -188.777 0 0 0.13
3
431.969 48.113 -250.562 0.13 0 0
431.969 20.498 -188.777 0 0.13 0
431.969 68.113 -218.252 0 0 0.13
3
431.969  0.497 -221.088 0.13 0 0
431.969 48.113 -250.562 0 0.13 0
431.969 20.498 -188.777 0 0 0.13
3
431.969  0.497 -221.088 0.13 0 0
431.969 20.498 -188.777 0 0.13 0
431.969 48.113 -250.562 0 0 0.13
3
431.969 168.116 -56.699 0.13 0 0
431.969 235.732 -53.862 0 0.13 0
431.969 188.117 -24.388 0 0 0.13
3
431.969 168.116 -56.699 0.13 0 0
431.969 188.117 -24.388 0 0.13 0
431.969 235.732 -53.862 0 0 0.13
3
431.969 215.732 -86.173 0.13 0 0
431.969 235.732 -53.862 0 0.13 0
431.969 168.116 -56.699 0 0 0.13
3
431.969 215.732 -86.173 0.13 0 0
431.969 168.116 -56.699 0 0.13 0
431.969 235.732 -53.862 0 0 0.13
3
431.969 195.731 -118.484 0.13 0 0
431.969 215.732 -86.173 0 0.13 0
431.969 168.116 -56.699 0 0 0.13
3
431.969 195.731 -118.484 0.13 0 0
431.969 168.116 -56.699 0 0.13 0
431.969 215.732 -86.173 0 0 0.13
3
431.969 148.116 -89.009 0.13 0 0
431.969 195.731 -118.484 0 0.13 0
431.969 168.116 -56.699 0 0 0.13
3
431.969 148.116 -89.009 0.13 0 0
431.969 168.116 -56.699 0 0.13 0
431.969 195.731 -118.484 0 0 0.13
3
431.969 128.115 -121.320 0.13 0 0
431.969 195.731 -118.484 0 0.13 0
431.969 148.116 -89.009 0 0 0.13
3
431.969 128.115 -121.320 0.13 0 0
431.969 148.116 -89.009 0 0.13 0
431.969 195.731 -118.484 0 0 0.13
3
431.969 175.731 -150.794 0.13 0 0
431.969 195.731 -118.484 0 0.13 0
431.969 128.115 -121.320 0 0 0.13
3
431.969 175.731 -150.794 0.13 0 0
431.969 128.115 -121.320 0 0.13 0
431.969 195.731 -118.484 0 0 0.13
3
431.969 108.114 -153.631 0.13 0 0
431.969 155.730 -183.105 0 0.13 0
431.969 128.115 -121.320 0 0 0.13
3
431.969 108.114 -153.631 0.13 0 0
431.969 128.115 -121.320 0 0.13 0
431.969 155.730 -183.105 0 0 0.13
3
431.969 155.730 -183.105 0.13 0 0
431.969 175.731 -150.794 0 0.13 0
431.969 128.115 -121.320 0 0 0.13
3
431.969 155.730 -183.105 0.13 0 0
431.969 128.115 -121.320 0 0.13 0
431.969 175.731 -150.794 0 0 0.13
3
431.969 88.114 -185.941 0.13 0 0
431.969 155.730 -183.105 0 0.13 0
431.969 108.114 -153.631 0 0 0.13
3
431.969 88.114 -185.941 0.13 0 0
431.969 108.114 -153.631 0 0.13 0
431.969 155.730 -183.105 0 0 0.13
3
431.969 135.730 -215.416 0.13 0 0
431.969 155.730 -183.105 0 0.13 0
431.969 88.114 -185.941 0 0 0.13
3
431.969 135.730 -215.416 0.13 0 0
431.969 88.114 -185.941 0 0.13 0
431.969 155.730 -183.105 0 0 0.13
3
431.969 115.729 -247.726 0.13 0 0
431.969 135.730 -215.416 0 0.13 0
431.969 88.114 -185.941 0 0 0.13
3
431.969 115.729 -247.726 0.13 0 0
431.969 88.114 -185.941 0 0.13 0
431.969 135.730 -215.416 0 0 0.13
3
431.969 68.113 -218.252 0.13 0 0
431.969 115.729 -247.726 0 0.13 0
431.969 88.114 -185.941 0 0 0.13
3
431.969 68.113 -218.252 0.13 0 0
431.969 88.114 -185.941 0 0.13 0
431.969 115.729 -247.726 0 0 0.13
3
431.969 48.113 -250.562 0.13 0 0
431.969 115.729 -247.726 0 0.13 0
431.969 68.113 -218.252 0 0 0.13
3
431.969 48.113 -250.562 0.13 0 0
431.969 68.113 -218.252 0 0.13 0
431.969 115.729 -247.726 0 0 0.13
3
431.969 95.728 -280.037 0.13 0 0
431.969 115.729 -247.726 0 0.13 0
431.969 48.113 -250.562 0 0 0.13
3
431.969 95.728 -280.037 0.13 0 0
431.969 48.113 -250.562 0 0.13 0
431.969 115.729 -247.726 0 0 0.13
3
431.969 215.732 -86.173 0.13 0 0
431.969 263.348 -115.648 0 0.13 0
431.969 235.732 -53.862 0 0 0.13
3
431.969 215.732 -86.173 0.13 0 0
431.969 235.732 -53.862 0 0.13 0
431.969 263.348 -115.648 0 0 0.13
3
431.969 243.347 -147.958 0.13 0 0
431.969 263.348 -115.648 0 0.13 0
431.969 195.731 -118.484 0 0 0.13
3
431.969 243.347 -147.958 0.13 0 0
431.969 195.731 -118.484 0 0.13 0
431.969 263.348 -115.648 0 0 0.13
3
431.969 175.731 -150.794 0.13 0 0
431.969 223.346 -180.269 0 0.13 0
431.969 195.731 -118.484 0 0 0.13
3
431.969 175.731 -150.794 0.13 0 0
431.969 195.731 -118.484 0 0.13 0
431.969 223.346 -180.269 0 0 0.13
3
431.969 203.346 -212.580 0.13 0 0
431.969 223.346 -180.269 0 0.13 0
431.969 155.730 -183.105 0 0 0.13
3
431.969 203.346 -212.580 0.13 0 0
431.969 155.730 -183.105 0 0.13 0
431.969 223.346 -180.269 0 0 0.13
3
431.969 135.730 -215.416 0.13 0 0
431.969 183.345 -244.890 0 0.13 0
431.969 155.730 -183.105 0 0 0.13
3
431.969 135.730 -215.416 0.13 0 0
431.969 155.730 -183.105 0 0.13 0
431.969 183.345 -244.890 0 0 0.13
3
431.969 163.345 -277.201 0.13 0 0
431.969 183.345 -244.890 0 0.13 0
431.969 115.729 -247.726 0 0 0.13
3
431.969 163.345 -277.201 0.13 0 0
431.969 115.729 -247.726 0 0.13 0
431.969 183.345 -244.890 0 0 0.13
3
431.969 95.728 -280.037 0.13 0 0
431.969 143.344 -309.511 0 0.13 0
431.969 115.729 -247.726 0 0 0.13
3
431.969 95.728 -280.037 0.13 0 0
431.969 115.729 -247.726 0 0.13 0
431.969 143.344 -309.511 0 0 0.13
3
431.969 263.348 -115.648 0.13 0 0
431.969 283.348 -83.337 0 0.13 0
431.969 235.732 -53.862 0 0 0.13
3
431.969 263.348 -115.648 0.13 0 0
431.969 235.732 -53.862 0 0.13 0
431.969 283.348 -83.337 0 0 0.13
3
431.969 195.731 -118.484 0.13 0 0
431.969 263.348 -115.648 0 0.13 0
431.969 215.732 -86.173 0 0 0.13
3
431.969 195.731 -118.484 0.13 0 0
431.969 215.732 -86.173 0 0.13 0
431.969 263.348 -115.648 0 0 0.13
3
431.969 223.346 -180.269 0.13 0 0
431.969 243.347 -147.958 0 0.13 0
431.969 195.731 -118.484 0 0 0.13
3
431.969 223.346 -180.269 0.13 0 0
431.969 195.731 -118.484 0 0.13 0
431.969 243.347 -147.958 0 0 0.13
3
431.969 155.730 -183.105 0.13 0 0
431.969 223.346 -180.269 0 0.13 0
431.969 175.731 -150.794 0 0 0.13
3
431.969 155.730 -183.105 0.13 0 0
431.969 175.731 -150.794 0 0.13 0
431.969 223.346 -180.269 0 0 0.13
3
431.969 183.345 -244.890 0.13 0 0
431.969 203.346 -212.580 0 0.13 0
431.969 155.730 -183.105 0 0 0.13
3
431.969 183.345 -244.890 0.13 0 0
431.969 155.730 -183.105 0 0.13 0
431.969 203.346 -212.580 0 0 0.13
3
431.969 115.729 -247.726 0.13 0 0
431.969 183.345 -244.890 0 0.13 0
431.969 135.730 -215.416 0 0 0.13
3
431.969 115.729 -247.726 0.13 0 0
431.969 135.730 -215.416 0 0.13 0
431.969 183.345 -244.890 0 0 0.13
3
431.969 143.344 -309.511 0.13 0 0
431.969 163.345 -277.201 0 0.13 0
431.969 115.729 -247.726 0 0 0.13
3
431.969 143.344 -309.511 0.13 0 0
431.969 115.729 -247.726 0 0.13 0
431.969 163.345 -277.201 0 0 0.13
3
431.969 263.348 -115.648 0.13 0 0
431.969 330.964 -112.812 0 0.13 0
431.969 283.348 -83.337 0 0 0.13
3
431.969 263.348 -115.648 0.13 0 0
431.969 283.348 -83.337 0 0.13 0
431.969 330.964 -112.812 0 0 0.13
3
431.969 310.963 -145.122 0.13 0 0
431.969 330.964 -112.812 0 0.13 0
431.969 263.348 -115.648 0 0 0.13
3
431.969 310.963 -145.122 0.13 0 0
431.969 263.348 -115.648 0 0.13 0
431.969 330.964 -112.812 0 0 0.13
3
431.969 290.963 -177.433 0.13 0 0
431.969 310.963 -145.122 0 0.13 0
431.969 263.348 -115.648 0 0 0.13
3
431.969 290.963 -177.433 0.13 0 0
431.969 263.348 -115.648 0 0.13 0
431.969 310.963 -145.122 0 0 0.13
3
431.969 243.347 -147.958 0.13 0 0
431.969 290.963 -177.433 0 0.13 0
431.969 263.348 -115.648 0 0 0.13
3
431.969 243.347 -147.958 0.13 0 0
431.969 263.348 -115.648 0 0.13 0
431.969 290.963 -177.433 0 0 0.13
3
431.969 223.346 -180.269 0.13 0 0
431.969 290.963 -177.433 0 0.13 0
431.969 243.347 -147.958 0 0 0.13
3
431.969 223.346 -180.269 0.13 0 0
431.969 243.347 -147.958 0 0.13 0
431.969 290.963 -177.433 0 0 0.13
3
431.969 270.962 -209.743 0.13 0 0
431.969 290.963 -177.433 0 0.13 0
431.969 223.346 -180.269 0 0 0.13
3
431.969 270.962 -209.743 0.13 0 0
431.969 223.346 -180.269 0 0.13 0
431.969 290.963 -177.433 0 0 0.13
3
431.969 203.346 -212.580 0.13 0 0
431.969 250.962 -242.054 0 0.13 0
431.969 223.346 -180.269 0 0 0.13
3
431.969 203.346 -212.580 0.13 0 0
431.969 223.346 -180.269 0 0.13 0
431.969 250.962 -242.054 0 0 0.13
3
431.969 250.962 -242.054 0.13 0 0
431.969 270.962 -209.743 0 0.13 0
431.969 223.346 -180.269 0 0 0.13
3
431.969 250.962 -242.054 0.13 0 0
431.969 223.346 -180.269 0 0.13 0
431.969 270.962 -209.743 0 0 0.13
3
431.969 183.345 -244.890 0.13 0 0
431.969 250.962 -242.054 0 0.13 0
431.969 203.346 -212.580 0 0 0.13
3
431.969 183.345 -244.890 0.13 0 0
431.969 203.346 -212.580 0 0.13 0
431.969 250.962 -242.054 0 0 0.13
3
431.969 230.961 -274.365 0.13 0 0
431.969 250.962 -242.054 0 0.13 0
431.969 183.345 -244.890 0 0 0.13
3
431.969 230.961 -274.365 0.13 0 0
431.969 183.345 -244.890 0 0.13 0
431.969 250.962 -242.054 0 0 0.13
3
431.969 210.960 -306.675 0.13 0 0
431.969 230.961 -274.365 0 0.13 0
431.969 183.345 -244.890 0 0 0.13
3
431.969 210.960 -306.675 0.13 0 0
431.969 183.345 -244.890 0 0.13 0
431.969 230.961 -274.365 0 0 0.13
3
431.969 163.345 -277.201 0.13 0 0
431.969 210.960 -306.675 0 0.13 0
431.969 183.345 -244.890 0 0 0.13
3
431.969 163.345 -277.201 0.13 0 0
431.969 183.345 -244.890 0 0.13 0
431.969 210.960 -306.675 0 0 0.13
3
431.969 143.344 -309.511 0.13 0 0
431.969 210.960 -306.675 0 0.13 0
431.969 163.345 -277.201 0 0 0.13
3
431.969 143.344 -309.511 0.13 0 0
431.969 163.345 -277.201 0 0.13 0
431.969 210.960 -306.675 0 0 0.13
3
431.969 190.960 -338.986 0.13 0 0
431.969 210.960 -306.675 0 0.13 0
431.969 143.344 -309.511 0 0 0.13
3
431.969 190.960 -338.986 0.13 0 0
431.969 143.344 -309.511 0 0.13 0
431.969 210.960 -306.675 0 0 0.13
3
431.969 358.579 -174.597 0.13 0 0
431.969 378.579 -142.286 0 0.13 0
431.969 330.964 -112.812 0 0 0.13
3
431.969 358.579 -174.597 0.13 0 0
431.969 330.964 -112.812 0 0.13 0
431.969 378.579 -142.286 0 0 0.13
3
431.969 310.963 -145.122 0.13 0 0
431.969 358.579 -174.597 0 0.13 0
431.969 330.964 -112.812 0 0 0.13
3
431.969 310.963 -145.122 0.13 0 0
431.969 330.964 -112.812 0 0.13 0
431.969 358.579 -174.597 0 0 0.13
3
431.969 290.963 -177.433 0.13 0 0
431.969 358.579 -174.597 0 0.13 0
431.969 310.963 -145.122 0 0 0.13
3
431.969 290.963 -177.433 0.13 0 0
431.969 310.963 -145.122 0 0.13 0
431.969 358.579 -174.597 0 0 0.13
3
431.969 338.578 -206.907 0.13 0 0
431.969 358.579 -174.597 0 0.13 0
431.969 290.963 -177.433 0 0 0.13
3
431.969 338.578 -206.907 0.13 0 0
431.969 290.963 -177.433 0 0.13 0
431.969 358.579 -174.597 0 0 0.13
3
431.969 318.578 -239.218 0.13 0 0
431.969 338.578 -206.907 0 0.13 0
431.969 290.963 -177.433 0 0 0.13
3
431.969 318.578 -239.218 0.13 0 0
431.969 290.963 -177.433 0 0.13 0
431.969 338.578 -206.907 0 0 0.13
3
431.969 270.962 -209.743 0.13 0 0
431.969 318.578 -239.218 0 0.13 0
431.969 290.963 -177.433 0 0 0.13
3
431.969 270.962 -209.743 0.13 0 0
431.969 290.963 -177.433 0 0.13 0
431.969 318.578 -239.218 0 0 0.13
3
431.969 298.577 -271.529 0.13 0 0
431.969 318.578 -239.218 0 0.13 0
431.969 250.962 -242.054 0 0 0.13
3
431.969 298.577 -271.529 0.13 0 0
431.969 250.962 -242.054 0 0.13 0
431.969 318.578 -239.218 0 0 0.13
3
431.969 250.962 -242.054 0.13 0 0
431.969 318.578 -239.218 0 0.13 0
431.969 270.962 -209.743 0 0 0.13
3
431.969 250.962 -242.054 0.13 0 0
431.969 270.962 -209.743 0 0.13 0
431.969 318.578 -239.218 0 0 0.13
3
431.969 278.577 -303.839 0.13 0 0
431.969 298.577 -271.529 0 0.13 0
431.969 250.962 -242.054 0 0 0.13
3
431.969 278.577 -303.839 0.13 0 0
431.969 250.962 -242.054 0 0.13 0
431.969 298.577 -271.529 0 0 0.13
3
431.969 230.961 -274.365 0.13 0 0
431.969 278.577 -303.839 0 0.13 0
431.969 250.962 -242.054 0 0 0.13
3
431.969 230.961 -274.365 0.13 0 0
431.969 250.962 -242.054 0 0.13 0
431.969 278.577 -303.839 0 0 0.13
3
431.969 210.960 -306.675 0.13 0 0
431.969 278.577 -303.839 0 0.13 0
431.969 230.961 -274.365 0 0 0.13
3
431.969 210.960 -306.675 0.13 0 0
431.969 230.961 -274.365 0 0.13 0
431.969 278.577 -303.839 0 0 0.13
3
431.969 258.576 -336.150 0.13 0 0
431.969 278.577 -303.839 0 0.13 0
431.969 210.960 -306.675 0 0 0.13
3
431.969 258.576 -336.150 0.13 0 0
431.969 210.960 -306.675 0 0.13 0
431.969 278.577 -303.839 0 0 0.13
3
431.969 238.575 -368.461 0.13 0 0
431.969 258.576 -336.150 0 0.13 0
431.969 210.960 -306.675 0 0 0.13
3
431.969 238.575 -368.461 0.13 0 0
431.969 210.960 -306.675 0 0.13 0
431.969 258.576 -336.150 0 0 0.13
3
431.969 190.960 -338.986 0.13 0 0
431.969 238.575 -368.461 0 0.13 0
431.969 210.960 -306.675 0 0 0.13
3
431.969 190.960 -338.986 0.13 0 0
431.969 210.960 -306.675 0 0.13 0
431.969 238.575 -368.461 0 0 0.13
3
431.969 358.579 -174.597 0.13 0 0
431.969 426.195 -171.761 0 0.13 0
431.969 378.579 -142.286 0 0 0.13
3
431.969 358.579 -174.597 0.13 0 0
431.969 378.579 -142.286 0 0.13 0
431.969 426.195 -171.761 0 0 0.13
3
431.969 406.195 -204.071 0.13 0 0
431.969 426.195 -171.761 0 0.13 0
431.969 358.579 -174.597 0 0 0.13
3
431.969 406.195 -204.071 0.13 0 0
431.969 358.579 -174.597 0 0.13 0
431.969 426.195 -171.761 0 0 0.13
3
431.969 386.194 -236.382 0.13 0 0
431.969 406.195 -204.071 0 0.13 0
431.969 358.579 -174.597 0 0 0.13
3
431.969 386.194 -236.382 0.13 0 0
431.969 358.579 -174.597 0 0.13 0
431.969 406.195 -204.071 0 0 0.13
3
431.969 338.578 -206.907 0.13 0 0
431.969 386.194 -236.382 0 0.13 0
431.969 358.579 -174.597 0 0 0.13
3
431.969 338.578 -206.907 0.13 0 0
431.969 358.579 -174.597 0 0.13 0
431.969 386.194 -236.382 0 0 0.13
3
431.969 318.578 -239.218 0.13 0 0
431.969 386.194 -236.382 0 0.13 0
431.969 338.578 -206.907 0 0 0.13
3
431.969 318.578 -239.218 0.13 0 0
431.969 338.578 -206.907 0 0.13 0
431.969 386.194 -236.382 0 0 0.13
3
431.969 366.193 -268.693 0.13 0 0
431.969 386.194 -236.382 0 0.13 0
431.969 318.578 -239.218 0 0 0.13
3
431.969 366.193 -268.693 0.13 0 0
431.969 318.578 -239.218 0 0.13 0
431.969 386.194 -236.382 0 0 0.13
3
431.969 298.577 -271.529 0.13 0 0
431.969 346.193 -301.003 0 0.13 0
431.969 318.578 -239.218 0 0 0.13
3
431.969 298.577 -271.529 0.13 0 0
431.969 318.578 -239.218 0 0.13 0
431.969 346.193 -301.003 0 0 0.13
3
431.969 346.193 -301.003 0.13 0 0
431.969 366.193 -268.693 0 0.13 0
431.969 318.578 -239.218 0 0 0.13
3
431.969 346.193 -301.003 0.13 0 0
431.969 318.578 -239.218 0 0.13 0
431.969 366.193 -268.693 0 0 0.13
3
431.969 278.577 -303.839 0.13 0 0
431.969 346.193 -301.003 0 0.13 0
431.969 298.577 -271.529 0 0 0.13
3
431.969 278.577 -303.839 0.13 0 0
431.969 298.577 -271.529 0 0.13 0
431.969 346.193 -301.003 0 0 0.13
3
431.969 326.192 -333.314 0.13 0 0
431.969 346.193 -301.003 0 0.13 0
431.969 278.577 -303.839 0 0 0.13
3
431.969 326.192 -333.314 0.13 0 0
431.969 278.577 -303.839 0 0.13 0
431.969 346.193 -301.003 0 0 0.13
3
431.969 306.192 -365.624 0.13 0 0
431.969 326.192 -333.314 0 0.13 0
431.969 278.577 -303.839 0 0 0.13
3
431.969 306.192 -365.624 0.13 0 0
431.969 278.577 -303.839 0 0.13 0
431.969 326.192 -333.314 0 0 0.13
3
431.969 258.576 -336.150 0.13 0 0
431.969 306.192 -365.624 0 0.13 0
431.969 278.577 -303.839 0 0 0.13
3
431.969 258.576 -336.150 0.13 0 0
431.969 278.577 -303.839 0 0.13 0
431.969 306.192 -365.624 0 0 0.13
3
431.969 238.575 -368.461 0.13 0 0
431.969 306.192 -365.624 0 0.13 0
431.969 258.576 -336.150 0 0 0.13
3
431.969 238.575 -368.461 0.13 0 0
431.969 258.576 -336.150 0 0.13 0
431.969 306.192 -365.624 0 0 0.13
3
431.969 286.191 -397.935 0.13 0 0
431.969 306.192 -365.624 0 0.13 0
431.969 238.575 -368.461 0 0 0.13
3
431.969 286.191 -397.935 0.13 0 0
431.969 238.575 -368.461 0 0.13 0
431.969 306.192 -365.624 0 0 0.13
